%YAML:1.0
---
H: !!opencv-matrix
   rows: 3
   cols: 3
   dt: d
   data: [ -2.3101971390808289e-10, -0.003472230301260943,
       -3.615133266317573, 0.0043888880845891877, -3.760433939795041e-11,
       -2.8088883594908403, -8.9776183518275208e-12,
       -0.0027777776506910396, 1. ]
